Table 1: Demographic and Clinical Characteristics - Obj_1_AF for onscoviddeath
	Total	non-use	current use

1	   71,103 (100.0)	   18,271 (100.0)	   52,832 (100.0)

Grouped age
1	      295 (0.4)	      169 (0.9)	      126 (0.2)
2	    1,402 (2.0)	      625 (3.4)	      777 (1.5)
3	    7,142 (10.0)	    2,406 (13.2)	    4,736 (9.0)
4	   22,214 (31.2)	    6,231 (34.1)	   15,983 (30.3)
5	   29,181 (41.0)	    6,295 (34.5)	   22,886 (43.3)
6	   10,869 (15.3)	    2,545 (13.9)	    8,324 (15.8)

Male
0	   16,368 (23.0)	    5,406 (29.6)	   10,962 (20.7)
1	   54,735 (77.0)	   12,865 (70.4)	   41,870 (79.3)

Grouped BMI
1	      831 (1.2)	      275 (1.5)	      556 (1.1)
2	   16,965 (23.9)	    4,818 (26.4)	   12,147 (23.0)
3	   24,102 (33.9)	    6,002 (32.8)	   18,100 (34.3)
4	   14,572 (20.5)	    3,349 (18.3)	   11,223 (21.2)
5	    6,344 (8.9)	    1,441 (7.9)	    4,903 (9.3)
6	    3,649 (5.1)	      773 (4.2)	    2,876 (5.4)
.	    4,640 (6.5)	    1,613 (8.8)	    3,027 (5.7)

Smoking status
1	   26,159 (36.8)	    6,992 (38.3)	   19,167 (36.3)
2	   39,084 (55.0)	    9,422 (51.6)	   29,662 (56.1)
3	    5,712 (8.0)	    1,803 (9.9)	    3,909 (7.4)
.	      148 (0.2)	       54 (0.3)	       94 (0.2)

Ethnicity
1	   52,179 (73.4)	   13,258 (72.6)	   38,921 (73.7)
2	      153 (0.2)	       51 (0.3)	      102 (0.2)
3	      844 (1.2)	      329 (1.8)	      515 (1.0)
4	      308 (0.4)	      127 (0.7)	      181 (0.3)
5	      313 (0.4)	       92 (0.5)	      221 (0.4)
.	   17,306 (24.3)	    4,414 (24.2)	   12,892 (24.4)

Index of Multiple Deprivation (IMD)
1	   15,200 (21.4)	    3,764 (20.6)	   11,436 (21.6)
2	   14,878 (20.9)	    3,762 (20.6)	   11,116 (21.0)
3	   14,303 (20.1)	    3,672 (20.1)	   10,631 (20.1)
4	   13,640 (19.2)	    3,599 (19.7)	   10,041 (19.0)
5	   13,082 (18.4)	    3,474 (19.0)	    9,608 (18.2)
.	        0 (0.0)	        0 (0.0)	        0 (0.0)

Diabetes Severity
1	   61,913 (87.1)	   15,589 (85.3)	   46,324 (87.7)
2	    6,174 (8.7)	    1,850 (10.1)	    4,324 (8.2)
3	    2,884 (4.1)	      772 (4.2)	    2,112 (4.0)
4	      132 (0.2)	       60 (0.3)	       72 (0.1)
.	        0 (0.0)	        0 (0.0)	        0 (0.0)

Diagnosed hypertension
1	   29,683 (41.7)	    7,622 (41.7)	   22,061 (41.8)
Heart Failure
1	    7,124 (10.0)	    1,424 (7.8)	    5,700 (10.8)
Diabetes
1	    9,190 (12.9)	    2,682 (14.7)	    6,508 (12.3)
COPD
1	    6,815 (9.6)	    1,548 (8.5)	    5,267 (10.0)
Other Respiratory Diseases
1	    2,859 (4.0)	      754 (4.1)	    2,105 (4.0)
Cancer
1	   10,838 (15.2)	    2,837 (15.5)	    8,001 (15.1)
Immunosuppressed (combination algorithm)
1	      699 (1.0)	      258 (1.4)	      441 (0.8)
Chronic kidney disease
1	   10,524 (14.8)	    2,047 (11.2)	    8,477 (16.0)
Flu vaccine
1	   51,110 (71.9)	   11,200 (61.3)	   39,910 (75.5)
Recent Oestrogen
1	      529 (0.7)	      221 (1.2)	      308 (0.6)
Recent antiplatelet
1	    5,229 (7.4)	    3,538 (19.4)	    1,691 (3.2)
Myocardial infarction
1	    2,409 (3.4)	      769 (4.2)	    1,640 (3.1)
Peripheral arterial disease
1	      634 (0.9)	      208 (1.1)	      426 (0.8)
Stroke/Transient ischaemic attack
1	    1,377 (1.9)	      336 (1.8)	    1,041 (2.0)
Venous thromboembolism
1	      867 (1.2)	      320 (1.8)	      547 (1.0)
Stroke
1	      967 (1.4)	      225 (1.2)	      742 (1.4)
Transient ischaemic attack
1	      704 (1.0)	      175 (1.0)	      529 (1.0)
Dementia
1	    1,735 (2.4)	      518 (2.8)	    1,217 (2.3)
Recent NSAID
1	    1,811 (2.5)	      876 (4.8)	      935 (1.8)
Recent aspirin
1	    5,209 (7.3)	    3,533 (19.3)	    1,676 (3.2)
Hazardous alcohol use
1	    8,908 (12.5)	    2,371 (13.0)	    6,537 (12.4)
Failure/censoring indicator for outcome: suspected ONS covid death
1	        9 (0.0)	        . (  .)	        . (  .)
Failure/censoring indicator for outcome: ONS covid death
1	      185 (0.3)	       55 (0.3)	      130 (0.2)
Care home residence
1	      542 (0.8)	      219 (1.2)	      323 (0.6)


GP consultation count
Median (IQR)	9 (4-15)	7 (3-12)	10 (5-16)
Min, Max	0, 202	0, 202	0, 198
Age (years)
Median (IQR)	71 (65-75)	69 (63-74)	71 (66-75)
Min, Max	18, 106	21, 106	18, 101
A&E attendance count
Median (IQR)	0 (0-1)	0 (0-0)	0 (0-1)
Min, Max	0, 54	0, 39	0, 54
Recent record of HAS-BLED score
Median (IQR)	1 (1-2)	1 (1-2)	1 (1-2)
Min, Max	0, 6	0, 6	0, 5
Ever record of HAS-BLED score in 10 years
Median (IQR)	1 (1-2)	1 (1-2)	1 (1-2)
Min, Max	0, 9	0, 9	0, 9
