Table 1: Demographic and Clinical Characteristics - Obj_1_AF_vs_general_population for onscoviddeath
	Total	0	1

1	  562,765 (100.0)	  510,931 (100.0)	   51,834 (100.0)

Grouped age
1	    1,362 (0.2)	    1,237 (0.2)	      125 (0.2)
2	    8,350 (1.5)	    7,582 (1.5)	      768 (1.5)
3	   50,913 (9.0)	   46,243 (9.1)	    4,670 (9.0)
4	  171,992 (30.6)	  156,251 (30.6)	   15,741 (30.4)
5	  245,951 (43.7)	  223,483 (43.7)	   22,468 (43.3)
6	   84,197 (15.0)	   76,135 (14.9)	    8,062 (15.6)

Male
0	  118,138 (21.0)	  107,313 (21.0)	   10,825 (20.9)
1	  444,627 (79.0)	  403,618 (79.0)	   41,009 (79.1)

Grouped BMI
1	    6,310 (1.1)	    5,768 (1.1)	      542 (1.0)
2	  147,132 (26.1)	  135,212 (26.5)	   11,920 (23.0)
3	  215,614 (38.3)	  197,891 (38.7)	   17,723 (34.2)
4	  105,908 (18.8)	   94,887 (18.6)	   11,021 (21.3)
5	   34,344 (6.1)	   29,519 (5.8)	    4,825 (9.3)
6	   14,117 (2.5)	   11,288 (2.2)	    2,829 (5.5)
.	   39,340 (7.0)	   36,366 (7.1)	    2,974 (5.7)

Smoking status
1	  201,454 (35.8)	  182,630 (35.7)	   18,824 (36.3)
2	  302,038 (53.7)	  272,961 (53.4)	   29,077 (56.1)
3	   58,002 (10.3)	   54,162 (10.6)	    3,840 (7.4)
.	    1,271 (0.2)	    1,178 (0.2)	       93 (0.2)

Ethnicity
1	  416,755 (74.1)	  378,636 (74.1)	   38,119 (73.5)
2	    1,796 (0.3)	    1,694 (0.3)	      102 (0.2)
3	   11,498 (2.0)	   10,989 (2.2)	      509 (1.0)
4	    4,108 (0.7)	    3,928 (0.8)	      180 (0.3)
5	    3,283 (0.6)	    3,062 (0.6)	      221 (0.4)
.	  125,325 (22.3)	  112,622 (22.0)	   12,703 (24.5)

Index of Multiple Deprivation (IMD)
1	  114,424 (20.3)	  103,168 (20.2)	   11,256 (21.7)
2	  113,172 (20.1)	  102,264 (20.0)	   10,908 (21.0)
3	  112,658 (20.0)	  102,283 (20.0)	   10,375 (20.0)
4	  111,390 (19.8)	  101,552 (19.9)	    9,838 (19.0)
5	  111,121 (19.7)	  101,664 (19.9)	    9,457 (18.2)
.	        0 (0.0)	        0 (0.0)	        0 (0.0)

Diabetes Severity
1	  444,971 (79.1)	  399,552 (78.2)	   45,419 (87.6)
2	   81,936 (14.6)	   77,670 (15.2)	    4,266 (8.2)
3	   34,444 (6.1)	   32,365 (6.3)	    2,079 (4.0)
4	    1,414 (0.3)	    1,344 (0.3)	       70 (0.1)
.	        0 (0.0)	        0 (0.0)	        0 (0.0)

Diagnosed hypertension
1	  271,293 (48.2)	  249,617 (48.9)	   21,676 (41.8)
Heart Failure
1	   21,286 (3.8)	   15,683 (3.1)	    5,603 (10.8)
Diabetes
1	  117,794 (20.9)	  111,379 (21.8)	    6,415 (12.4)
COPD
1	   49,716 (8.8)	   44,554 (8.7)	    5,162 (10.0)
Other Respiratory Diseases
1	   18,722 (3.3)	   16,656 (3.3)	    2,066 (4.0)
Cancer
1	   78,863 (14.0)	   71,014 (13.9)	    7,849 (15.1)
Immunosuppressed (combination algorithm)
1	    3,879 (0.7)	    3,443 (0.7)	      436 (0.8)
Chronic kidney disease
1	   73,030 (13.0)	   64,764 (12.7)	    8,266 (15.9)
Flu vaccine
1	  374,838 (66.6)	  335,715 (65.7)	   39,123 (75.5)
Recent Oestrogen
1	    3,914 (0.7)	    3,607 (0.7)	      307 (0.6)
Recent antiplatelet
1	   80,321 (14.3)	   78,663 (15.4)	    1,658 (3.2)
Myocardial infarction
1	   34,113 (6.1)	   32,497 (6.4)	    1,616 (3.1)
Peripheral arterial disease
1	   14,917 (2.7)	   14,499 (2.8)	      418 (0.8)
Stroke/Transient ischaemic attack
1	   37,140 (6.6)	   36,110 (7.1)	    1,030 (2.0)
Venous thromboembolism
1	   13,265 (2.4)	   12,724 (2.5)	      541 (1.0)
Stroke
1	   26,275 (4.7)	   25,540 (5.0)	      735 (1.4)
Transient ischaemic attack
1	   21,353 (3.8)	   20,831 (4.1)	      522 (1.0)
Dementia
1	   13,730 (2.4)	   12,549 (2.5)	    1,181 (2.3)
Recent NSAID
1	   28,602 (5.1)	   27,683 (5.4)	      919 (1.8)
Recent aspirin
1	   80,135 (14.2)	   78,492 (15.4)	    1,643 (3.2)
Hazardous alcohol use
1	   62,261 (11.1)	   55,833 (10.9)	    6,428 (12.4)
Failure/censoring indicator for outcome: suspected ONS covid death
1	       [redacted]	        [redacted]	         [redacted]
Failure/censoring indicator for outcome: ONS covid death
1	    1,166 (0.2)	    1,036 (0.2)	      130 (0.3)
Care home residence
1	    3,288 (0.6)	    2,975 (0.6)	      313 (0.6)


GP consultation count
Median (IQR)	6 (3-11)	6 (3-11)	10 (5-17)
Min, Max	0, 367	1, 367	0, 198
Age (years)
Median (IQR)	71 (66-75)	71 (66-75)	71 (66-75)
Min, Max	18, 101	18, 101	18, 100
A&E attendance count
Median (IQR)	0 (0-0)	0 (0-0)	0 (0-1)
Min, Max	0, 70	0, 70	0, 54
Recent record of HAS-BLED score
Median (IQR)	1 (1-2)	2 (1-3)	1 (1-2)
Min, Max	0, 5	0, 4	0, 5
Ever record of HAS-BLED score in 10 years
Median (IQR)	1 (1-2)	2 (1-2)	1 (1-2)
Min, Max	0, 9	0, 6	0, 9
